1.383224504545829570e+00	5.877802188579853038e+00
2.343668779352294784e+00	2.160999970002607906e+00
3.333534766304626196e+00	1.053227249391471387e+00
4.326497778020427454e+00	7.843617641518259020e-01
5.338995223872316842e+00	5.246439616491155311e-01
6.291417843331552184e+00	4.278379179061727045e-01
7.268775172181696220e+00	3.302219814764774664e-01
8.250295546782529854e+00	2.773749704104923608e-01
9.240564657701114015e+00	2.246562685530919257e-01
1.022108091919311157e+01	1.937275505864743119e-01
1.118534863983300198e+01	1.634302027867179097e-01
1.216643318913704874e+01	1.425958196296909786e-01
1.316509631044890583e+01	1.229209246898002317e-01
1.413876347114535115e+01	1.086399428652110727e-01
1.510851312245787703e+01	9.530442217443678421e-02
1.608277857218466877e+01	8.537416814793187536e-02
1.705905434808004628e+01	7.557763464765938910e-02
1.803771177869809250e+01	6.782783682158199934e-02
1.901885509189941459e+01	6.067012550488386224e-02
2.000032502703205850e+01	5.479526951188041367e-02
2.097458235266754656e+01	4.933823091549320583e-02
2.194519059435055297e+01	4.486245583330242259e-02
2.292722659189798406e+01	4.063807111135215450e-02
2.390222933355822121e+01	3.711446096344751117e-02
2.487817972002633482e+01	3.374516279699386195e-02
2.586254099197429213e+01	3.096630244741592139e-02
2.684489499141697522e+01	2.832782284220456206e-02
2.781738092606224555e+01	2.618437391537836723e-02
2.879016076378125888e+01	2.405593251064219382e-02
2.976083645227014074e+01	2.227777141205563791e-02
3.074130366086627220e+01	2.048318891728788393e-02
3.172122354875772032e+01	1.897273048641682711e-02
3.270042382575075379e+01	1.764086819956438637e-02
3.367913980000454188e+01	1.637790523751083555e-02
3.465506068056090072e+01	1.523951350548372226e-02
3.563298925217372215e+01	1.424213258725065025e-02
3.660472780639316426e+01	1.323737952515928636e-02
3.758031458679781167e+01	1.234512496838378361e-02
3.855865052281648531e+01	1.147372057817293116e-02
3.953216458957929547e+01	1.077688617580662041e-02
4.050888472042991140e+01	9.944137832687828873e-03
4.148686571901752984e+01	9.397609117014506935e-03
4.246862125787104958e+01	8.800897175280847362e-03
4.344944991655353306e+01	8.284145396571858389e-03
4.442608638565562984e+01	7.797488345931100594e-03
4.539764616720940893e+01	7.312146336057358427e-03
4.637019435637984799e+01	6.897356759929344598e-03
4.734832574326161847e+01	6.480111953772262762e-03
4.832589282373304229e+01	6.075389409583890725e-03
4.930334422185819676e+01	5.767891398237319674e-03
5.028282160818656621e+01	5.379208978984360498e-03
5.126169677457660612e+01	5.101946398988954287e-03
5.224100032735193366e+01	4.806384119274503819e-03
5.321277719333583178e+01	4.507408876924911233e-03
5.418849983837692719e+01	4.174646875255220470e-03
5.516664096692454677e+01	3.966842262266892169e-03
5.613812835055151851e+01	3.707085729277229905e-03
5.711497529447566990e+01	3.447688586194068948e-03
5.809229708544492610e+01	3.244295837327592583e-03
5.907156993079784257e+01	3.055452734612517252e-03
6.004897136250732359e+01	2.852526281248869006e-03
6.102193526717757521e+01	2.712017456694064670e-03
6.200304341085916349e+01	2.524868240376832579e-03
6.297924674265375700e+01	2.356073592063277940e-03
6.395598611480342299e+01	2.234766664034494067e-03
6.493357350851027832e+01	2.157572121868631902e-03
6.590632069676075844e+01	2.026016715244934735e-03
6.688588582372942426e+01	1.955081544438660394e-03
6.786401837659694536e+01	1.854044883246269530e-03
6.883756206003114642e+01	1.733436504233804541e-03
6.981111526080613316e+01	1.610420806105302078e-03
7.078686760392217536e+01	1.558396064208295885e-03
7.176946790428760892e+01	1.442492656866161804e-03
7.274879570046756783e+01	1.370665838784565103e-03
7.372550037788739985e+01	1.327475631612294637e-03
7.470266967130973512e+01	1.293668269928235351e-03
7.567660966623975582e+01	1.212565822503887565e-03
7.665077844075523217e+01	1.132900270711069716e-03
7.762699581190135234e+01	1.041149060815367610e-03
7.860076767791690600e+01	9.895285168728803690e-04
7.957629025984211069e+01	9.177426214282976375e-04
8.055860733676782104e+01	8.712866332941684956e-04
8.153721658159693675e+01	8.213926223905345086e-04
8.251122727738528795e+01	7.979398483547166677e-04
8.348754679240626331e+01	7.720917579670085254e-04
8.446681652368972948e+01	7.936285602248297410e-04
8.544367799151447684e+01	7.603906517144067272e-04
8.641518797543743347e+01	7.632883705104858861e-04
8.739307774118613281e+01	7.639049026461077439e-04
8.837469166281020705e+01	7.957295176461150026e-04
8.935065110115725417e+01	8.398572334827371106e-04
9.032587334008628943e+01	8.677257200197661035e-04
9.130262908352956686e+01	9.080202839112274781e-04
9.227841244805749454e+01	9.401778477431554535e-04
9.325441357598283787e+01	9.690836036105331163e-04
9.422903804219450308e+01	9.517078747218658905e-04
9.520495721192267524e+01	9.491388372421107967e-04
9.618425990503384071e+01	9.842480947455612902e-04
9.716083765722879662e+01	9.648354083891270278e-04
9.813561323695152794e+01	9.812740732746054288e-04
9.911441788318909119e+01	1.015233427419729101e-03
1.000913280296152834e+02	1.013780130158527118e-03
1.010678249524804784e+02	1.013962675353877619e-03
1.020454575124393131e+02	1.033281910522446112e-03
1.030212632740382190e+02	1.007979015317558196e-03
1.039975819052835959e+02	9.787396031932771821e-04
1.049749666106101387e+02	9.131876587924902698e-04
1.059504949601230521e+02	8.804226644639454079e-04
1.069258943576033261e+02	8.213612663987779816e-04
1.079012123732756976e+02	7.546477587070388182e-04
1.088777629416878341e+02	6.745837093502422572e-04
1.098561548081232218e+02	6.264587425946222801e-04
1.108336840499954121e+02	5.513205026501708352e-04
1.118112939329369340e+02	4.862043638696841212e-04
1.127891573901817281e+02	4.239006896530217059e-04
1.137655181805590132e+02	3.536425928258740432e-04
1.147424452247177413e+02	2.756288657605586597e-04
1.157178575591959202e+02	2.471232758813430783e-04
1.166908982393702985e+02	2.000175711994068174e-04
1.176683235067954030e+02	1.586302471179177806e-04
1.186456773552110491e+02	1.267911474296185210e-04
1.196220824595895778e+02	8.334281631480342162e-05
1.206002000189871524e+02	5.696386262463526640e-05
1.215783544374147027e+02	3.826412449878059322e-05
1.225573095687316822e+02	1.928207897617958578e-05
1.235299829899967676e+02	-2.359146092779832476e-05
1.245028568961039070e+02	-3.815136511420711205e-05
1.254800583792993223e+02	-4.638622926357376889e-05
1.264571426957919442e+02	-7.366023158472914559e-05
1.274351297804265357e+02	-8.829488656242497329e-05
1.284111915696064159e+02	-9.894060639768613181e-05
1.293895038510352720e+02	-7.563018798442366062e-05
1.303696471206221474e+02	-8.256899123061199467e-05
1.313437768723197792e+02	-7.512015790447379730e-05
1.323174853820386545e+02	-6.557221251807623160e-05
1.332953463511529719e+02	-7.505360226170506731e-05
1.342723496371382339e+02	-7.788156853752258415e-05
1.352481103839946286e+02	-7.582494835131029388e-05
1.362242143424743119e+02	-6.008747690944762497e-05
1.372012574818193968e+02	-4.943115981144225233e-05
1.381777740060512656e+02	-5.187615059362529372e-05
1.391530872897516247e+02	-4.578143910428106046e-05
1.401302780395136551e+02	-3.501812179368999045e-05
1.411075392259705836e+02	-5.990372787577752628e-05
1.420853284181389427e+02	-5.500474508599597728e-05
1.430627435522729911e+02	-5.457296137654669499e-05
1.440388668916038455e+02	-5.263201228062278764e-05
1.450163297518675165e+02	-7.400836398468905542e-05
1.459945978075654978e+02	-8.499228747190240455e-05
1.469692512525672896e+02	-1.020772355837911685e-04
1.479435345276035889e+02	-1.185716356963128235e-04
1.489188751390489642e+02	-1.330232016220921673e-04
1.498970826003378818e+02	-1.523979133377330244e-04
1.508763313899451646e+02	-1.695578890527727563e-04
1.518512352252125766e+02	-1.668045230221111054e-04
1.528264098419142556e+02	-1.410074151107801549e-04
1.538016436705881915e+02	-1.456375584941876119e-04
1.547790572279898242e+02	-1.323421567066268968e-04
1.557567691320628001e+02	-1.271663965110552536e-04
1.567310669822508942e+02	-1.203727892834487309e-04
1.577085836649667669e+02	-1.179059488219593051e-04
1.586875117751433777e+02	-1.148805321719365886e-04
1.596638006799972800e+02	-1.270527049835064163e-04
1.606406765397715617e+02	-1.312655670627359717e-04
1.616180457236472705e+02	-1.187256411616085188e-04
1.625940226211903905e+02	-1.066043919188066507e-04
1.635695401322076350e+02	-9.170320699483696042e-05
1.645451829115356475e+02	-8.406320295944205668e-05
1.655218142811342545e+02	-6.913805103885702042e-05
1.664998158694592689e+02	-6.565481548939738302e-05
1.674770134432762063e+02	-5.669701007298031482e-05
1.684532007604335888e+02	-6.164103928961789315e-05
1.694297661275757605e+02	-6.276587032661214312e-05
1.704060887615942477e+02	-7.300258847166727293e-05
1.713839383019525826e+02	-7.388914430025393936e-05
1.723603034481903364e+02	-7.325572783687783317e-05
1.733336324236015287e+02	-8.124768221859803680e-05
1.743091868144219347e+02	-7.422788333133246996e-05
1.752868778384406028e+02	-7.311195132497136622e-05
1.762655841954649816e+02	-6.348852549459569955e-05
1.772407963145563485e+02	-5.995569638378941035e-05
1.782161069247394778e+02	-6.353498752990307163e-05
1.791957852812293197e+02	-6.023811059444747419e-05
1.801728619965829239e+02	-6.332878914904832785e-05
1.811489006885363722e+02	-6.490011525225484806e-05
1.821256448897123335e+02	-7.243966061661062498e-05
1.831039442310857908e+02	-7.896127877115761170e-05
1.840800455199103283e+02	-8.188733344183611043e-05
1.850540905648553860e+02	-8.316210816887358525e-05
1.860297797685503269e+02	-1.004011542151186649e-04
1.870073032927411987e+02	-1.073848035204482445e-04
1.879841893530022787e+02	-1.173246315364293295e-04
1.889597994610093110e+02	-1.241368511993383688e-04
1.899367766011226877e+02	-1.384969862218108109e-04
1.909145321638605139e+02	-1.348158674968756739e-04
1.918925221856749488e+02	-1.424644832177953638e-04
1.928669204415340346e+02	-1.488348587319936948e-04
1.938418364742692006e+02	-1.669034011939467548e-04
1.948195546321688312e+02	-1.730444021905382980e-04
1.957963202181866507e+02	-1.666984659991376969e-04
1.967727282149408836e+02	-1.655967076628908565e-04
1.977494399285198767e+02	-1.778473159675667198e-04
1.987267300150898848e+02	-1.820659105455385172e-04
1.997031757239096805e+02	-2.075750196325829304e-04
2.006806157248198588e+02	-2.221545855643205711e-04
2.016582850046570172e+02	-2.292464126662476973e-04
2.026337463718024878e+02	-2.142847741597742332e-04
2.036091137491824554e+02	-2.207388898967808846e-04
2.045858222601654290e+02	-2.269379439208632108e-04
2.055627154097414007e+02	-2.253986130428269237e-04
2.065385857699246230e+02	-2.146914769200349124e-04
2.075145463399390451e+02	-2.047839868500649844e-04
2.084930556917705644e+02	-2.025148286653560804e-04
2.094707320958252410e+02	-1.938203061728009636e-04
2.104453574239276179e+02	-2.011434174060661812e-04
2.114215832728195039e+02	-1.998382676868841403e-04
2.123981289645323614e+02	-1.840658698763304117e-04
2.133750997213826395e+02	-1.760127224803977953e-04
2.143517693307726120e+02	-1.804339456992069856e-04
2.153269343929066792e+02	-1.716498445918917138e-04
2.163044121524871173e+02	-1.775045647908918300e-04
2.172813826289760470e+02	-2.127629485791996387e-04
2.182579834665685894e+02	-2.146432557528935926e-04
2.192351227117693782e+02	-2.081558554446307830e-04
2.202116648131918453e+02	-2.006294750517090091e-04
2.211877856476517366e+02	-1.977632642717456243e-04
2.221637946288938394e+02	-1.949390581552270379e-04
2.231412796294642931e+02	-1.890385722696577293e-04
2.241189323778461358e+02	-1.819832414971135214e-04
2.250944629784672770e+02	-1.817097900424116230e-04
2.260703254159205926e+02	-1.764415412862345304e-04
2.270474761790304399e+02	-1.697750365261635973e-04
2.280252603085270664e+02	-1.743357354054722401e-04
2.290017232185952309e+02	-1.746442095365493023e-04
2.299773331182974800e+02	-1.860942325954189562e-04
2.309543609681619785e+02	-1.902282270827356945e-04
2.319300345711868374e+02	-1.908263980569441286e-04
2.329043705043739294e+02	-1.791192558870684150e-04
2.338809479816656278e+02	-1.667637697690898082e-04
2.348586069311945437e+02	-1.573909438835476655e-04
2.358355514316407096e+02	-1.546854246376777500e-04
2.368126968796418339e+02	-1.379116081549513941e-04
2.377902353600031802e+02	-1.378480827930677428e-04
2.387681898269774194e+02	-1.223426541089968952e-04
2.397443414705903706e+02	-1.223104659490528191e-04
2.407193588926944301e+02	-1.205440578009166983e-04
2.416968417230810076e+02	-1.136135590781408905e-04
2.426735705028765153e+02	-1.068444568845661999e-04
2.436483628419953504e+02	-1.032554046680879249e-04
2.446251415449732747e+02	-9.782459243933957420e-05
2.456027395652539553e+02	-1.081721403981563377e-04
2.465790942462728594e+02	-1.163343636127846719e-04
2.475543256140563244e+02	-1.189910984792273631e-04
2.485313911971118443e+02	-1.141019568334591689e-04
2.495098988279387413e+02	-1.046519364260824263e-04
2.504856125493487582e+02	-8.907055534802587942e-05
2.514613281174292752e+02	-8.983200930396768793e-05
2.524382718883064172e+02	-8.772429189022428722e-05
2.534145511649318223e+02	-8.438554143629599770e-05
2.543913004708730625e+02	-9.173508513983770019e-05
2.553676691012667845e+02	-9.021026415268852477e-05
2.563434649906938603e+02	-9.012643583948406155e-05
2.573202251886013983e+02	-9.450784780320166064e-05
2.582972154418716855e+02	-1.004544915354932269e-04
2.592748045181579641e+02	-1.091225158635132593e-04
2.602509947041249916e+02	-1.049051397875711662e-04
2.612259069258885802e+02	-1.062345651865879466e-04
2.622037108121878077e+02	-1.071688422193780481e-04
2.631821241504496243e+02	-1.143877420468049306e-04
2.641571288614889568e+02	-1.111196998959472466e-04
2.651334449073585233e+02	-1.088741211924284494e-04
2.661111733915357718e+02	-1.058579368605931995e-04
2.670878543234917970e+02	-1.101021040519204516e-04
2.680643698195237903e+02	-1.178761126790634888e-04
2.690398430262992520e+02	-1.238847402078677325e-04
2.700174075408958174e+02	-1.288745527050092420e-04
2.709936176994750099e+02	-1.325504339270796759e-04
2.719685487097231658e+02	-1.288217071886847741e-04
2.729458391534707857e+02	-1.323771243662878673e-04
2.739226815620029925e+02	-1.346719767625687209e-04
2.748991612264650826e+02	-1.276684996322003296e-04
2.758757216123285048e+02	-1.262551931677846411e-04
2.768527520795685177e+02	-1.222044575227672282e-04
2.778294213481841552e+02	-1.251565925965171511e-04
2.788062180531472904e+02	-1.225983995161270977e-04
2.797824302622913706e+02	-1.286211364487691001e-04
2.807583194615252751e+02	-1.352143319276637775e-04
2.817344156102356578e+02	-1.415982458634263471e-04
2.827109229554881153e+02	-1.396435814740709105e-04
2.836881162781932062e+02	-1.365663436766701507e-04
2.846646643574957807e+02	-1.390914995573750269e-04
2.856413594326751877e+02	-1.441553420475900991e-04
2.866188913431924448e+02	-1.393122840599806127e-04
2.875955959126330868e+02	-1.394478762646773635e-04
2.885718565212492308e+02	-1.396790733187186929e-04
2.895481833403430869e+02	-1.413251488939276841e-04
2.905244987902936487e+02	-1.336000395069027896e-04
2.915018550488120468e+02	-1.423997454084133826e-04
2.924784124081380696e+02	-1.484500286973947515e-04
2.934541836528967451e+02	-1.503012961490033067e-04
2.944294913240678397e+02	-1.469816233861791243e-04
2.954069173120340679e+02	-1.514744606265328952e-04
2.963846599969741646e+02	-1.579940308249619732e-04
2.973598063630379897e+02	-1.555653042747964451e-04
2.983363891843309261e+02	-1.494631331900042885e-04
2.993133846427971321e+02	-1.571683729583151748e-04
3.002906328721700788e+02	-1.560738318027363170e-04
3.012664138598824479e+02	-1.556665989923270896e-04
3.022418178553938901e+02	-1.486919279866636984e-04
3.032191160354080921e+02	-1.462936244531549328e-04
3.041964729274712340e+02	-1.423488663812355929e-04
3.051733264821320972e+02	-1.353136811835588835e-04
3.061495100043431421e+02	-1.390203621112612580e-04
3.071268216817669554e+02	-1.480821108947976675e-04
3.081043847867463228e+02	-1.461024281374742086e-04
3.090803743503138890e+02	-1.402817440808341864e-04
3.100562601465771877e+02	-1.384099919244131136e-04
3.110328366732688892e+02	-1.341873239728825324e-04
3.120089290743941319e+02	-1.280660475066329625e-04
3.129846298296298528e+02	-1.240615451270427527e-04
3.139606719041155998e+02	-1.207684131544340788e-04
3.149387623894057242e+02	-1.117285277096951131e-04
3.159164294356536971e+02	-1.103323219076683003e-04
3.168914586602659824e+02	-1.136487092475995818e-04
3.178675609974798704e+02	-1.124819368014715835e-04
3.188452785195068486e+02	-1.032333663531590103e-04
3.198222358689851035e+02	-1.030906763602591314e-04
3.207988488615289953e+02	-1.042002927623641274e-04
3.217758411754765575e+02	-9.503612020986894446e-05
3.227534362367146628e+02	-9.815077039971810055e-05
3.237288452547552424e+02	-1.067669208599861247e-04
3.247032047270935777e+02	-1.033230864888138863e-04
3.256807823366236221e+02	-9.527386815718421080e-05
3.266573013170342961e+02	-8.949641011088538115e-05
3.276332688449271586e+02	-8.020052224413142862e-05
3.286101650888967924e+02	-8.623600506845546744e-05
3.295863740651648186e+02	-8.433225540679254925e-05
3.305630967489974523e+02	-8.897302919330573527e-05
3.315399586397772396e+02	-8.286242727951321054e-05
3.325175285736543174e+02	-8.190795695971624958e-05
3.334944298310797421e+02	-6.794754372266279181e-05
3.344699488904928444e+02	-6.832522051146757292e-05
3.354470055860716684e+02	-6.495745860696519678e-05
3.364239252265735445e+02	-6.575298845664410768e-05
3.374008169732739475e+02	-6.198343536028260716e-05
3.383774188216162315e+02	-5.010540062282540954e-05
3.393524773419229632e+02	-4.585265511666268047e-05
3.403289529286898301e+02	-4.831898879490274145e-05
3.413065550547562452e+02	-4.088709071937762438e-05
3.422829968027113523e+02	-4.442410370547132789e-05
3.432589242922491053e+02	-4.623662879285787229e-05
3.442354550528440313e+02	-4.874794522807282765e-05
3.452127575246792617e+02	-4.734124541723268493e-05
3.461888731677778992e+02	-4.885490015471217931e-05
3.471656038756668750e+02	-5.225625625780762622e-05
3.481426542452963417e+02	-4.738543913997185101e-05
3.491188288921179037e+02	-4.338900864409778781e-05
3.500952387422099150e+02	-4.367041977288160256e-05
3.510708458965585805e+02	-4.215795198216059904e-05
3.520477930748683661e+02	-4.081203542956862295e-05
3.530240625002093680e+02	-5.026677279095741592e-05
3.540006922666993319e+02	-5.171789858907723821e-05
3.549780690564951442e+02	-4.536833493595391411e-05
3.559542071704432260e+02	-4.229037629004920603e-05
3.569315033178237400e+02	-4.597233447214294102e-05
3.579077246070679621e+02	-4.752180568586134420e-05
3.588837289642610244e+02	-4.531517719875171371e-05
3.598609058687972606e+02	-4.870267079090573374e-05
3.608383463104215707e+02	-4.282685519521643394e-05
3.618151196413979847e+02	-3.907142600491232128e-05
3.627903105147253768e+02	-3.191959347475687049e-05
3.637666473344626183e+02	-2.354516380496713787e-05
3.647441087806259361e+02	-1.929422089204252004e-05
3.657213424473071655e+02	-1.229600884062842854e-05
3.666979085920117427e+02	2.385236512510340675e-06
3.676732603595635851e+02	2.397588026844535580e-06
3.686497727571343717e+02	5.250158492468105061e-06
3.696269890589393299e+02	1.541964109089017520e-05
3.706031672923044198e+02	1.446503371452341946e-05
3.715796125244296491e+02	1.289049516233251856e-05
3.725553203820623480e+02	1.516074073115264297e-05
3.735315985903167189e+02	2.012314280138439225e-05
3.745091518118855447e+02	1.598021772957165253e-05
3.754862533542146252e+02	1.110955746617521806e-05
3.764637117062263201e+02	1.172720268999286665e-05
3.774397037268201984e+02	1.210740880236107052e-05
3.784153523065211857e+02	1.149985354973709967e-05
3.793921943399971042e+02	1.543989982606812451e-05
3.803694311956620595e+02	2.029836262945595125e-05
3.813457883974530205e+02	2.261233291456248078e-05
3.823219895485104871e+02	1.995436140795537713e-05
3.832990716031563920e+02	1.380489365682918133e-05
3.842755633664451125e+02	1.141944668473598675e-05
3.852510954702140111e+02	1.890263828011407504e-05
3.862275238256605689e+02	2.387985942281798589e-05
3.872049089425555621e+02	2.928820923286986201e-05
3.881808498101697182e+02	3.446821018437592874e-05
3.891574086919426918e+02	4.292287108593861704e-05
3.901344508084608833e+02	4.442830106942987332e-05
3.911109527006314579e+02	5.089992719576769560e-05
3.920881847464813745e+02	5.736813076984882421e-05
3.930647913416191273e+02	6.944855579657960732e-05
3.940409121635957490e+02	7.069254525770819969e-05
3.950178304984146394e+02	7.637088660423851450e-05
3.959947519344655689e+02	8.076518560940790595e-05
3.969704553127199915e+02	8.627477882502723717e-05
3.979459200475433818e+02	9.417824451206909875e-05
3.989236556019797604e+02	9.587265861978503203e-05
3.999008950281704529e+02	9.434383337708850375e-05
4.008767618858528294e+02	9.537865886755806722e-05
4.018538228633795484e+02	8.739975056740893267e-05
4.028306621307764317e+02	8.793261908771969864e-05
4.038065654844983783e+02	8.624730214539105279e-05
4.047820624224084440e+02	8.305389787086937554e-05
4.057591837734526621e+02	7.818390458640943352e-05
4.067359784173834214e+02	8.010821285573497684e-05
4.077111511940124728e+02	6.852641227085815945e-05
4.086880763504993297e+02	6.164481391797512649e-05
4.096652133211872524e+02	5.581946009739794051e-05
4.106416741796634824e+02	5.239684389057004481e-05
4.116181770107198759e+02	4.979023331261657085e-05
4.125954875600588707e+02	4.587581482363792815e-05
4.135726681788461292e+02	4.096558817073513023e-05
4.145486616024267619e+02	4.243882147753374513e-05
4.155256276798589852e+02	4.379062448266005396e-05
4.165031065179281882e+02	3.810143664624235658e-05
4.174799245785141011e+02	2.967526320519908039e-05
4.184560729118451263e+02	1.918866571669523651e-05
4.194320291582899358e+02	1.881584565561042661e-05
4.204076968033919570e+02	1.741261254637132774e-05
4.213837990765206882e+02	1.924629971320932384e-05
4.223605127637064811e+02	1.992272720317823559e-05
4.233374970373560586e+02	1.870707903132104737e-05
4.243155356990919245e+02	8.464371125766549553e-06
4.252915370587081725e+02	2.809300077305995421e-06
4.262666515357969956e+02	7.514071176433349072e-06
4.272439453314653406e+02	6.101390667990344848e-06
4.282205808058355387e+02	3.809903449365547081e-06
4.291972002685283201e+02	5.066015319655573488e-06
4.301740655350990323e+02	-1.822752858681111347e-07
4.311506557293706123e+02	-5.050400489833278972e-07
4.321272179122646548e+02	2.951716732240679933e-06
4.331031048989402734e+02	1.185682923597756918e-05
4.340792513495018738e+02	1.827901256274126846e-05
4.350562214361923452e+02	2.794017213450577998e-05
4.360332629804667590e+02	3.275407464634190832e-05
4.370101075000110313e+02	2.985497381016994880e-05
4.379852756826270479e+02	3.448931187377439950e-05
4.389613274241997374e+02	3.629243176147649703e-05
4.399395466787200917e+02	3.774333609453190601e-05
4.409165053892157289e+02	4.364793773451641822e-05
4.418927712767026037e+02	4.767897973996174647e-05
4.428694400467699097e+02	5.057621473918573457e-05
4.438460619659277882e+02	5.013201278067399408e-05
4.448223369287011906e+02	5.679959352826579065e-05
4.457989747001786327e+02	5.790996475963914491e-05
4.467758021185263146e+02	6.967398111207617956e-05
4.477524527377844947e+02	6.854840690235013362e-05
4.487288474085749499e+02	6.408438763791210371e-05
4.497051149836264017e+02	7.056980138849498763e-05
4.506810514484609484e+02	7.467192495327367222e-05
4.516571649477388064e+02	7.951730813471429547e-05
4.526343451386445054e+02	7.219989741065141009e-05
4.536111707656316980e+02	7.110213424534401929e-05
4.545877105347310021e+02	7.053817283642966523e-05
4.555648474162478578e+02	6.209710990374163713e-05
4.565412670816700142e+02	5.625653908745882083e-05
4.575176139051756650e+02	5.144544904946312709e-05
4.584946875729909834e+02	4.701893373385783432e-05
4.594709413970474543e+02	3.934804865661481243e-05
4.604474479231289479e+02	3.283139747041362901e-05
4.614244566483718017e+02	3.450423883571357642e-05
4.624006984906492335e+02	3.696767043944570042e-05
4.633771093078809713e+02	4.113915527260637763e-05
4.643542483563098813e+02	4.185704432646518300e-05
4.653306696512127587e+02	4.296424210441566159e-05
4.663062982286087959e+02	4.230739691804063054e-05
4.672823590576361994e+02	4.237015690864409363e-05
4.682589922010896544e+02	3.867485365783628282e-05
4.692355775153996547e+02	4.308599250323458501e-05
4.702123071776301231e+02	5.081024930489374880e-05
4.711893583858034162e+02	5.460202198925981554e-05
4.721662382557656201e+02	5.588562998812570374e-05
4.731432545632396796e+02	5.422954075185028544e-05
4.741193960230679636e+02	5.413156042802617105e-05
4.750953719093985228e+02	5.662929494719306215e-05
4.760723073835472405e+02	5.603247619009543387e-05
4.770488659348411034e+02	5.573144247572243585e-05
4.780260202738402313e+02	5.140254258811796320e-05
4.790025703498116059e+02	5.798524420648179290e-05
4.799787545812152416e+02	6.006252446510573913e-05
4.809554570834817468e+02	6.368236593055037851e-05
4.819323556111710900e+02	5.894783940179217069e-05
4.829090647553948088e+02	5.293161378525688499e-05
4.838853168109266107e+02	4.953549871834435120e-05
4.848615961111117372e+02	4.662933127126234445e-05
4.858381832694687432e+02	4.811908696728758341e-05
4.868150657945051876e+02	4.674015608480219748e-05
4.877911210353211118e+02	5.311724755333893883e-05
4.887679181708787155e+02	5.543996311820092353e-05
4.897439985804028311e+02	5.061909264091575609e-05
4.907200213770342430e+02	5.012821728570041713e-05
4.916969674264681771e+02	4.504457060973686048e-05
4.926733992490237029e+02	3.622694763015921313e-05
4.936504058408795572e+02	3.789439071289752147e-05
4.946269738158352425e+02	3.925392914250804824e-05
4.956033345332692193e+02	3.893610394045808230e-05
4.965805999908770332e+02	4.299401980009101218e-05
4.975574141768913705e+02	4.266924581672147795e-05
4.985328641784248589e+02	3.933060237762356918e-05
4.995095322520401169e+02	3.899194417671435827e-05
5.004867445254342897e+02	3.386854952651924782e-05
5.014634373728130754e+02	3.014195079655972468e-05
5.024396265633327516e+02	2.868933637844678060e-05
5.034159630610664067e+02	2.651996151743423000e-05
5.043929055688748235e+02	2.389720759526580169e-05
5.053689337434339564e+02	2.777546564046847884e-05
5.063455112364909496e+02	3.036518102622358433e-05
5.073222599425738508e+02	3.560438837756232873e-05
5.082986363499692857e+02	3.890459345570054859e-05
5.092755236922489530e+02	3.552713771809844104e-05
5.102524088668836271e+02	4.075710653749320622e-05
5.112288666358729756e+02	4.083817301900508583e-05
5.122053050201920996e+02	4.318133178113354428e-05
5.131823656471170807e+02	5.408516476177367027e-05
5.141586675909278483e+02	5.918838166238414090e-05
5.151347573971402198e+02	6.916483256958027139e-05
5.161114899621627501e+02	7.548072492825955409e-05
5.170874564627707741e+02	7.815124107750938659e-05
5.180643401870048592e+02	8.712728928035729902e-05
5.190416474313591380e+02	9.149650971621889177e-05
5.200180747235893932e+02	9.190841308747231119e-05
5.209948143918408050e+02	9.362207492293712300e-05
5.219709387463900612e+02	9.235832947755377297e-05
5.229468654767509861e+02	9.321121304659718164e-05
5.239238210188555058e+02	8.572261368586182916e-05
5.249001444015392508e+02	8.174995278212509404e-05
5.258770063221259079e+02	8.194485001749349901e-05
5.268541506245167056e+02	8.652091915730847100e-05
5.278304260780568029e+02	9.321787289462139694e-05
5.288064232897413603e+02	8.943235243203043867e-05
5.297824299770741163e+02	9.048738805326075158e-05
5.307596396713241802e+02	8.808177377948484834e-05
5.317361184038618376e+02	8.765304264164533747e-05
5.327123654379782920e+02	8.427432472391038559e-05
5.336896016541767267e+02	8.724470465319274985e-05
5.346662110473442908e+02	8.964408641596521507e-05
5.356423902813492077e+02	9.173253762133806830e-05
5.366195098319537919e+02	8.944742797394905794e-05
5.375960462377952354e+02	8.313214455447029839e-05
5.385722195984143355e+02	7.571120509310183793e-05
5.395491411411246645e+02	7.138559164675027733e-05
5.405260085320688859e+02	6.450917287147751075e-05
5.415028803911217210e+02	5.875601041106561640e-05
5.424785385661456303e+02	5.873297376196449433e-05
5.434554557140921816e+02	5.860958310337310254e-05
5.444323875448777699e+02	6.071722051477740600e-05
5.454079267557428921e+02	6.164680342661004353e-05
5.463845276716805301e+02	5.806892902834178506e-05
5.473610535405938435e+02	5.315132051420100193e-05
5.483372483071650549e+02	4.554508559790261833e-05
5.493138899912015631e+02	4.818472684392512655e-05
5.502910588009298181e+02	4.244513781684739585e-05
5.512674026842532840e+02	3.487883690912138454e-05
5.522445543532495549e+02	2.751516082820044463e-05
5.532218366488117454e+02	2.784288298860468705e-05
5.541977126461229091e+02	2.141520835639999500e-05
5.551740268134677763e+02	1.917369665208544958e-05
5.561510602763898987e+02	1.574957065571521843e-05
5.571275217300286613e+02	1.505845833520668712e-05
5.581033613246476079e+02	2.089725197096040308e-05
5.590795006839589405e+02	2.073737506812788721e-05
5.600564268371372236e+02	1.753017580624490095e-05
5.610325530190518748e+02	1.814916995865240880e-05
5.620089627347319947e+02	1.803468462360201184e-05
5.629859931141766083e+02	2.161557311457519876e-05
5.639618499331387511e+02	2.258543500328143074e-05
5.649386283991993878e+02	2.077356470270349189e-05
5.659162740425529137e+02	2.320204889079651765e-05
5.668936677268281983e+02	2.226238514825811253e-05
5.678696992473747969e+02	2.125627824833820328e-05
5.688458008890970632e+02	2.007420830298921151e-05
5.698231888340652631e+02	1.138074460295764693e-05
5.707995999633361635e+02	7.419895654357226411e-06
5.717756585317498548e+02	4.078671777360564158e-06
5.727524202652773511e+02	4.056046817082382531e-07
5.737285791164867987e+02	-4.144278275795630262e-06
5.747051373824408529e+02	-4.550882578536926594e-06
5.756817376927739360e+02	-6.270941128547206655e-06
5.766581849159321109e+02	-9.112633404420027809e-06
5.776352397168433299e+02	-1.417103038105079437e-05
5.786114304769758974e+02	-2.280476871548668214e-05
5.795879651411294162e+02	-2.447610498785824485e-05
5.805642432193178593e+02	-2.851828707017915857e-05
5.815404704465330497e+02	-3.179278141145859332e-05
5.825171625283271624e+02	-4.286614784628135257e-05
5.834941373010283314e+02	-4.562650441919397496e-05
5.844713820264573769e+02	-4.335925423074390186e-05
5.854470345524714503e+02	-4.109692773152778393e-05
5.864225660052027251e+02	-3.327962672957710102e-05
5.874002596194964099e+02	-3.683893660221541000e-05
5.883773461211543463e+02	-3.818598990349335125e-05
5.893535248600078376e+02	-3.000149582828854890e-05
5.903303689060967372e+02	-3.112714472093120442e-05
5.913070325479735629e+02	-3.328755915364058640e-05
5.922830656775757916e+02	-3.685115652686291960e-05
5.932591971663260892e+02	-3.848303156959726189e-05
5.942362692434232940e+02	-3.219523043151497363e-05
5.952132662612499416e+02	-3.138738229689189320e-05
5.961894892472820402e+02	-3.004950548365889731e-05
5.971661758087517455e+02	-3.109439348359490019e-05
5.981430563384201378e+02	-3.449916620911380364e-05
5.991194071470282552e+02	-3.687816349631858361e-05
6.000956931499175653e+02	-2.694727458331161847e-05
6.010716977732238320e+02	-3.012470318168646786e-05
6.020482362931219313e+02	-2.321057144938517324e-05
6.030248158676532739e+02	-2.178169313584106174e-05
6.040018780668375484e+02	-2.568803350649370728e-05
6.049783184882212481e+02	-2.743309936407985382e-05
6.059550507075770156e+02	-3.059354923758660761e-05
6.069323177703549845e+02	-3.044731135077743028e-05
6.079082893659930278e+02	-3.291340000184912273e-05
6.088841958111315762e+02	-3.413140168099745332e-05
6.098612268249818271e+02	-3.196890977226575839e-05
6.108381407392097344e+02	-4.274939187301237921e-05
6.118136984266894842e+02	-4.392138141377668979e-05
6.127905223912123347e+02	-4.212531714729915948e-05
6.137684112813907404e+02	-4.087884719470302606e-05
6.147451731885705613e+02	-3.832985944106753322e-05
6.157209215143099073e+02	-3.491952986127227853e-05
6.166974618498132941e+02	-3.319452401085418619e-05
6.176743595865096950e+02	-3.444491341861144311e-05
6.186502977141091151e+02	-2.895028315312268575e-05
6.196263438300825328e+02	-1.844577541193823163e-05
6.206031927776448356e+02	-1.822116075159590013e-05
6.215801082960385884e+02	-2.989841484647817781e-05
6.225562751532733046e+02	-3.274299229460310011e-05
6.235327651517446839e+02	-3.464765437803963839e-05
6.245096535128196820e+02	-4.370202788520247773e-05
6.254860292705739084e+02	-5.140080883499059797e-05
6.264618263777442735e+02	-5.936390106715942500e-05
6.274386317721607611e+02	-5.865516157800545804e-05
6.284161677261305385e+02	-6.274025264680186157e-05
6.293929908367829285e+02	-6.389439730640712929e-05
6.303688841041981732e+02	-6.936055556934080340e-05
6.313447800413441655e+02	-7.112624817412111530e-05
6.323219462777336730e+02	-7.084594341169429561e-05
6.332985051271631392e+02	-7.062347402718963010e-05
6.342745430753839173e+02	-7.073011272964648151e-05
6.352522216041227239e+02	-7.587348202839777091e-05
6.362291617771599022e+02	-8.764713324759661423e-05
6.372048513251726263e+02	-8.984738673243907760e-05
6.381816616177716242e+02	-9.618527999535951382e-05
6.391585671085165359e+02	-1.005085736376560196e-04
6.401353132753077944e+02	-1.039607624132533669e-04
6.411113831825996385e+02	-9.672483397540406630e-05
6.420869051488629111e+02	-9.419215134816264910e-05
6.430639255168811133e+02	-1.030023472176402470e-04
6.440406834048171731e+02	-1.178649371066045902e-04
6.450173405526717261e+02	-1.186725479794685555e-04
6.459939659823792226e+02	-1.174338572023184032e-04
6.469704554102739849e+02	-1.187185061779595706e-04
6.479474145533921501e+02	-1.199499009349410842e-04
6.489235236204755211e+02	-1.245155473628072973e-04
6.499005954523373703e+02	-1.371410149928131098e-04
6.508782496159278708e+02	-1.440694541859811482e-04
6.518541079491293431e+02	-1.453684465595448435e-04
6.528295747384519245e+02	-1.406673164268368271e-04
6.538066715077576418e+02	-1.392187495599030590e-04
6.547828087428554227e+02	-1.473494969322382124e-04
6.557584889698689494e+02	-1.532114829273291965e-04
6.567358011412123915e+02	-1.650438804648138758e-04
6.577130101002958327e+02	-1.767304820719633725e-04
6.586885412870601613e+02	-1.857431357681064066e-04
6.596642554421713385e+02	-1.922534377610354058e-04
6.606423241998195408e+02	-1.936300325559778799e-04
6.616194912014232159e+02	-1.952535434091209193e-04
6.625954600681465081e+02	-1.974524998210076680e-04
6.635714901456144617e+02	-2.089825875410927629e-04
6.645483053261108353e+02	-2.092045276997264974e-04
6.655244881862674902e+02	-2.149690663663125052e-04
6.665007269827636947e+02	-2.248347708435692149e-04
6.674778829026662379e+02	-2.220983820284083384e-04
6.684547620733663962e+02	-2.193906003114397707e-04
6.694314655845339530e+02	-2.191586806062481227e-04
6.704077025750455050e+02	-2.088296591279428208e-04
6.713833119635621642e+02	-1.927980353744220530e-04
6.723600972424355859e+02	-1.865584622722936306e-04
6.733375710886089109e+02	-1.807756569860025639e-04
6.743140734819077124e+02	-1.712192588579498746e-04
6.752909028771539397e+02	-1.678464666476464466e-04
6.762671802903037133e+02	-1.608665600100124440e-04
6.772430940956537597e+02	-1.512569825758823419e-04
6.782206595283776096e+02	-1.547517649347490156e-04
6.791979811235296438e+02	-1.587010723777866768e-04
6.801739165907123379e+02	-1.585189102787306096e-04
6.811488629933069205e+02	-1.561146571085622549e-04
6.821258036785516197e+02	-1.549055931160026500e-04
6.831024494585811908e+02	-1.448009878210310239e-04
6.840784028133872425e+02	-1.468888719836608622e-04
6.850545390456707082e+02	-1.514302715624569887e-04
6.860317654869825219e+02	-1.475685587281432270e-04
6.870089677218023780e+02	-1.577866911791487561e-04
6.879845917919974454e+02	-1.548908372685076475e-04
6.889615393307472004e+02	-1.597163867430216816e-04
6.899387597562131305e+02	-1.553434715056381966e-04
6.909152544911970608e+02	-1.501824484624826237e-04
6.918914928944506073e+02	-1.519992248956038685e-04
6.928682223222790526e+02	-1.648967838213122056e-04
6.938455332010751135e+02	-1.796181185611656192e-04
6.948217088722933568e+02	-1.799959686007102588e-04
6.957974416238321282e+02	-1.935198484621201032e-04
6.967747440368075331e+02	-1.848154340209769121e-04
6.977519525098168742e+02	-1.814907821590620992e-04
6.987273640444452667e+02	-1.847013185779055710e-04
6.997021587284930320e+02	-1.827118452340170066e-04
7.006788851533436855e+02	-1.900134433302316545e-04
7.016567070557701982e+02	-1.849543321533834159e-04
7.026323770414131786e+02	-1.926399679715927286e-04
7.036084271233219170e+02	-1.913920177036006025e-04
7.045859406428400007e+02	-1.934438544827962714e-04
7.055629255790772731e+02	-1.862075625729414934e-04
7.065387093533690859e+02	-1.805719493500284158e-04
7.075150566374572918e+02	-1.743053075372670883e-04
7.084931572371318680e+02	-1.780051638252383016e-04
7.094694448190186904e+02	-1.870311290047567388e-04
7.104445502819693274e+02	-2.053102410309069553e-04
7.114217902329742174e+02	-2.064252544346419646e-04
7.123991703347680868e+02	-2.091379678893461719e-04
7.133754946937817749e+02	-2.111658650526870634e-04
7.143517708503542281e+02	-2.049413185270461716e-04
7.153282758908630967e+02	-2.053574939272498822e-04
7.163055182134598908e+02	-1.870771664485129161e-04
7.172817428697384230e+02	-1.739409888933895435e-04
7.182580133616600051e+02	-1.577001256992114405e-04
7.192354859734481352e+02	-1.518690798753069224e-04
7.202118889212879367e+02	-1.500590146258507364e-04
7.211870008938726642e+02	-1.470874695680874668e-04
7.221627660194070586e+02	-1.557653989687683249e-04
7.231407223747100943e+02	-1.554903235041967555e-04
7.241174236312510857e+02	-1.443910763833288684e-04
7.250927641771895651e+02	-1.287749743007977931e-04
7.260699289994848868e+02	-1.158212752086211250e-04
7.270481220161033207e+02	-1.063176826338517401e-04
7.280240881054307920e+02	-9.501657663503542902e-05
7.289993724576200975e+02	-9.226944355997539118e-05
7.299777105251260991e+02	-8.689500456519196156e-05
7.309541180967540868e+02	-7.875053751861585654e-05
7.319276538994168959e+02	-8.337932842935108697e-05
7.329041042767840963e+02	-6.914981517973158996e-05
7.338821427250577472e+02	-6.794211408611163221e-05
7.348580152541888992e+02	-7.437759213430865000e-05
7.358332062461573742e+02	-6.586471316372805550e-05
7.368107658588118056e+02	-6.517644799561296521e-05
7.377880722626784973e+02	-7.616881915006270176e-05
7.387640999618580508e+02	-7.952483187939001863e-05
7.397408126775931123e+02	-8.708170522374588459e-05
7.407174248676103616e+02	-8.637281774066910304e-05
7.416945933784273848e+02	-9.424225527564144222e-05
7.426715327007538008e+02	-1.048023337752905455e-04
7.436469380748708318e+02	-1.071629161538060592e-04
7.446255660920744504e+02	-1.022584453232351382e-04
7.456042355595369600e+02	-8.448666268692779744e-05
7.465782482675119809e+02	-8.608478632390423476e-05
7.475540083982773467e+02	-8.283832532229969332e-05
7.485326350483987881e+02	-7.237115919496820446e-05
7.495093123728214550e+02	-6.938562787418374380e-05
7.504834397159821719e+02	-5.616931796988877185e-05
7.514616169898947646e+02	-6.795460648845200950e-05
7.524409983959358215e+02	-6.338876182459248843e-05
7.534153176667289245e+02	-7.194071766636689152e-05
7.543900983379678564e+02	-7.645733600061164158e-05
7.553688095779848481e+02	-8.004961837634964319e-05
7.563457260800826134e+02	-6.601628847327399498e-05
7.573206160898798771e+02	-5.232800279825128634e-05
7.582978018698862570e+02	-5.404053298484122968e-05
7.592764891945100771e+02	-4.613300882523604056e-05
7.602524869564558685e+02	-2.115217456541326871e-05
7.612263555588025383e+02	4.028376375937163821e-06
7.622034102175977068e+02	2.553857608730949051e-05
7.631815018331625424e+02	1.997043582696701134e-05
7.641574651090201087e+02	2.686444237658436147e-05
7.651324069600628945e+02	3.658290797571829648e-05
7.661090527602731299e+02	4.959760739078869274e-05
7.670886627326168536e+02	4.750225366055283561e-05
7.680653601181081740e+02	3.253468130413537907e-05
7.690383363709194100e+02	4.349340887019358722e-05
7.700169487898798479e+02	2.951434406693386825e-05
7.709955178565276128e+02	5.420071582348462359e-05
7.719672509349554730e+02	5.998383521426076749e-05
7.729424185687751105e+02	7.020339205573163479e-05
7.739243473007678631e+02	5.545585680142055344e-05
7.749014952991478822e+02	4.625604252787578506e-05
7.758725741328364620e+02	6.482976953166053350e-05
7.768504445604269222e+02	6.575750893562157912e-05
7.778319595117684457e+02	7.505183860608086871e-05
7.788067866615543835e+02	8.514533554076753302e-05
7.797779697080486585e+02	8.709537585966512017e-05
7.807567081154289781e+02	1.143906666370256455e-04
7.817381312918499816e+02	1.224209851364221283e-04
7.827125729758312218e+02	1.168347221056104817e-04
7.836877473411404935e+02	1.010988519575564096e-04
7.846663152719444270e+02	9.124648610002167174e-05
7.856443046099369667e+02	9.217255632296737311e-05
7.866154588073322884e+02	1.179668743190962502e-04
7.875912624665901376e+02	1.149717763471506092e-04
7.885746718259422323e+02	9.553344521861258218e-05
7.895493214283229690e+02	7.281322406394827198e-05
7.905202698075858052e+02	9.391332182776770292e-05
7.914980681080353406e+02	1.082795025914062078e-04
7.924801653499008580e+02	1.269379046347106279e-04
7.934555011467042505e+02	1.440411408408335148e-04
7.944264176623862568e+02	1.519001501567926319e-04
7.954061037290282457e+02	1.457487891315863984e-04
7.963864578506593261e+02	1.518257851885630846e-04
7.973599198811510860e+02	1.959193821011764294e-04
7.983345588825985715e+02	2.219008410763741016e-04
7.993180560479942187e+02	2.093914150272785640e-04
8.002960801685670731e+02	2.173307410392687742e-04
8.012596361798088083e+02	2.003717072363583407e-04
8.022348707442691875e+02	2.223357706768396924e-04
8.032221524159093633e+02	2.347072551368660216e-04
8.041996654625817200e+02	2.317775945466215572e-04
8.051677823190423169e+02	2.464540047847900320e-04
8.061460685523690017e+02	2.614755367791902693e-04
8.071298115453547553e+02	2.552449263227602621e-04
8.081029306254928315e+02	2.804751881955235915e-04
8.090750788812094925e+02	2.796600733045384807e-04
8.100574692159608503e+02	2.889467441366576697e-04
8.110376913402459422e+02	3.442682310877046405e-04
8.120029106523084010e+02	3.343204911595732830e-04
8.129767587490960068e+02	3.320392817708106873e-04
8.139682282833186946e+02	3.412789470904406129e-04
8.149443043300634599e+02	3.181750629591053995e-04
8.159012065062788679e+02	2.840028806524601854e-04
8.168793786243010118e+02	2.808576391798269845e-04
8.178769427972962376e+02	2.317527539140934803e-04
8.188518337996491709e+02	1.999936436148904491e-04
8.198083884715711065e+02	2.173805325588164185e-04
8.207904132737652390e+02	1.921175241896650940e-04
8.217815727071388210e+02	1.234559840225352384e-04
8.227537100855327026e+02	7.202728393810438562e-05
8.237185299601022734e+02	9.268790422357255917e-06
8.247010424964926187e+02	-1.645405135023300400e-05
8.256866308539930515e+02	-1.186325820924217679e-05
8.266498609652389860e+02	-4.839097962511965334e-05
8.276248280254775409e+02	-8.473636914003601259e-05
8.286206645498047010e+02	-6.064863614856553267e-05
8.295930778961461556e+02	-1.410783183470611622e-04
8.305409303749204355e+02	-1.168271873961621574e-04
8.315333900240183311e+02	-2.678080413325398972e-04
8.325414909305997071e+02	-3.376097486157989078e-04
8.334950382615838862e+02	-3.019017577407083768e-04
8.344396073417879052e+02	-3.692270693182016987e-04
8.354500126138605083e+02	-4.740353187106579463e-04
8.364602493996771955e+02	-5.110697560565810116e-04
8.373820809425511698e+02	-4.734441384635081854e-04
8.383279396441043900e+02	-4.825323103207593040e-04
8.393629896881076320e+02	-5.418001718968262510e-04
8.403749450889001764e+02	-5.316144037092946414e-04
8.412606499270896165e+02	-3.902768938906806613e-04
8.422189378182472410e+02	-4.603078297949972234e-04
8.432865993951241990e+02	-5.139141963989655310e-04
8.443010401232339746e+02	-5.376560410816774108e-04
8.451453577297108950e+02	-4.098863977700810727e-04
8.461190304377925031e+02	-5.599050538675944943e-04
8.472130804271976103e+02	-6.639250892639632969e-04
8.482280333706033844e+02	-7.150205630098729025e-04
8.490411472289913490e+02	-7.870129114310150985e-04
8.500231713716266313e+02	-8.114067340776907541e-04
8.511335498497633125e+02	-9.022003677608985859e-04
8.521486607921575569e+02	-1.082953788796348765e-03
8.529278780011911749e+02	-1.181833876655752737e-03
8.539337683245840935e+02	-1.445237738765959906e-03
8.550523891549961490e+02	-1.612856610141615585e-03
8.559440192345773539e+02	-1.476478647636757409e-03
8.567444283084406607e+02	-1.471851270371433290e-03
8.578506706942640676e+02	-1.456466570765493690e-03
8.589702130721453841e+02	-1.493129369467337524e-03
8.598349969750257742e+02	-1.279835188453547472e-03
8.606485587404030184e+02	-1.053658736874330286e-03
8.617653838639693049e+02	-5.787863124727696349e-04
8.628776921196438252e+02	-6.297463887970098165e-04
8.637720028881195731e+02	-7.207340364182142573e-04
8.645162391341302737e+02	-9.210011474871342271e-04
8.655424455154802672e+02	-3.796943263815982079e-04
