1.300000000000000000e+01
3.300000000000000000e+01
7.900000000000000000e+01
1.170000000000000000e+02
2.050000000000000000e+02
2.350000000000000000e+02
3.690000000000000000e+02
4.330000000000000000e+02
5.850000000000000000e+02
6.790000000000000000e+02
8.130000000000000000e+02
9.850000000000000000e+02
1.183000000000000000e+03
1.269000000000000000e+03
1.537000000000000000e+03
1.653000000000000000e+03
1.963000000000000000e+03
2.121000000000000000e+03
2.413000000000000000e+03
2.635000000000000000e+03
2.877000000000000000e+03
3.169000000000000000e+03
3.507000000000000000e+03
3.685000000000000000e+03
4.165000000000000000e+03
4.377000000000000000e+03
4.855000000000000000e+03
4.929000000000000000e+03
5.581000000000000000e+03
5.679000000000000000e+03
6.385000000000000000e+03
6.553000000000000000e+03
7.125000000000000000e+03
7.447000000000000000e+03
7.929000000000000000e+03
8.353000000000000000e+03
8.775000000000000000e+03
9.313000000000000000e+03
9.841000000000000000e+03
1.019100000000000000e+04
1.089700000000000000e+04
1.130100000000000000e+04
1.202500000000000000e+04
1.242300000000000000e+04
1.302100000000000000e+04
1.340500000000000000e+04
1.424700000000000000e+04
1.471300000000000000e+04
1.548900000000000000e+04
1.591300000000000000e+04
1.687900000000000000e+04
1.719300000000000000e+04
1.815700000000000000e+04
1.833900000000000000e+04
1.957300000000000000e+04
1.994100000000000000e+04
2.062900000000000000e+04
2.165500000000000000e+04
2.211300000000000000e+04
2.318500000000000000e+04
2.366700000000000000e+04
2.438500000000000000e+04
2.574900000000000000e+04
2.567500000000000000e+04
2.740900000000000000e+04
2.740500000000000000e+04
2.871700000000000000e+04
2.959500000000000000e+04
3.030100000000000000e+04
3.110100000000000000e+04
3.202300000000000000e+04
3.297700000000000000e+04
3.444900000000000000e+04
3.454900000000000000e+04
3.611100000000000000e+04
3.654100000000000000e+04
3.771700000000000000e+04
3.861900000000000000e+04
3.966100000000000000e+04
4.054500000000000000e+04
4.181500000000000000e+04
4.312500000000000000e+04
4.368100000000000000e+04
4.462900000000000000e+04
4.622700000000000000e+04
4.690900000000000000e+04
4.823700000000000000e+04
4.858300000000000000e+04
5.099700000000000000e+04
5.139700000000000000e+04
5.248900000000000000e+04
5.378700000000000000e+04
5.491300000000000000e+04
5.597700000000000000e+04
5.741500000000000000e+04
5.810500000000000000e+04
6.003300000000000000e+04
6.094900000000000000e+04
6.223500000000000000e+04
6.322900000000000000e+04
6.513300000000000000e+04
6.570700000000000000e+04
6.756100000000000000e+04
6.850500000000000000e+04
6.994300000000000000e+04
7.109700000000000000e+04
7.302100000000000000e+04
7.331700000000000000e+04
7.579900000000000000e+04
7.602100000000000000e+04
7.875300000000000000e+04
7.929100000000000000e+04
8.112900000000000000e+04
8.244100000000000000e+04
8.394900000000000000e+04
8.512300000000000000e+04
8.692900000000000000e+04
8.778900000000000000e+04
8.962300000000000000e+04
9.134100000000000000e+04
9.284500000000000000e+04
9.408700000000000000e+04
9.633300000000000000e+04
9.724900000000000000e+04
9.950100000000000000e+04
9.928300000000000000e+04
1.025370000000000000e+05
1.034770000000000000e+05
1.057510000000000000e+05
1.068690000000000000e+05
1.086970000000000000e+05
1.105770000000000000e+05
1.125550000000000000e+05
1.125930000000000000e+05
1.155730000000000000e+05
1.172830000000000000e+05
1.185810000000000000e+05
1.206250000000000000e+05
1.219350000000000000e+05
1.244410000000000000e+05
1.255170000000000000e+05
1.273570000000000000e+05
1.298950000000000000e+05
1.307010000000000000e+05
1.339210000000000000e+05
1.341870000000000000e+05
1.371250000000000000e+05
1.384570000000000000e+05
1.409370000000000000e+05
1.413670000000000000e+05
1.443810000000000000e+05
1.455490000000000000e+05
1.491390000000000000e+05
1.496410000000000000e+05
1.518250000000000000e+05
1.534530000000000000e+05
1.558870000000000000e+05
1.581210000000000000e+05
1.598410000000000000e+05
1.611750000000000000e+05
1.646770000000000000e+05
1.660570000000000000e+05
1.677030000000000000e+05
1.702690000000000000e+05
1.722570000000000000e+05
1.736530000000000000e+05
1.766190000000000000e+05
1.775650000000000000e+05
1.812850000000000000e+05
1.825470000000000000e+05
1.849930000000000000e+05
1.867770000000000000e+05
1.890730000000000000e+05
1.914910000000000000e+05
1.938450000000000000e+05
1.951810000000000000e+05
1.973190000000000000e+05
2.002330000000000000e+05
2.030370000000000000e+05
2.048710000000000000e+05
2.062210000000000000e+05
2.095290000000000000e+05
2.125450000000000000e+05
2.132070000000000000e+05
2.165770000000000000e+05
2.181930000000000000e+05
2.221510000000000000e+05
2.216410000000000000e+05
2.261730000000000000e+05
2.269810000000000000e+05
2.319030000000000000e+05
2.314930000000000000e+05
2.360410000000000000e+05
2.372310000000000000e+05
2.409250000000000000e+05
2.427690000000000000e+05
2.437570000000000000e+05
2.479830000000000000e+05
2.502730000000000000e+05
2.523730000000000000e+05
2.554470000000000000e+05
2.570890000000000000e+05
2.612370000000000000e+05
2.616670000000000000e+05
2.668890000000000000e+05
2.670490000000000000e+05
2.705770000000000000e+05
2.726430000000000000e+05
2.762050000000000000e+05
2.781690000000000000e+05
2.808190000000000000e+05
2.836290000000000000e+05
2.877370000000000000e+05
2.882290000000000000e+05
2.915190000000000000e+05
2.946970000000000000e+05
2.968170000000000000e+05
3.007390000000000000e+05
3.019210000000000000e+05
3.054570000000000000e+05
3.088390000000000000e+05
3.106410000000000000e+05
3.144850000000000000e+05
3.161130000000000000e+05
3.202750000000000000e+05
3.211090000000000000e+05
3.261210000000000000e+05
3.277270000000000000e+05
3.318210000000000000e+05
3.324970000000000000e+05
3.373530000000000000e+05
3.395590000000000000e+05
3.433090000000000000e+05
3.447570000000000000e+05
3.487030000000000000e+05
3.512610000000000000e+05
3.540610000000000000e+05
3.561150000000000000e+05
3.616690000000000000e+05
3.628930000000000000e+05
3.671010000000000000e+05
3.694390000000000000e+05
3.732570000000000000e+05
3.759490000000000000e+05
3.780430000000000000e+05
3.811170000000000000e+05
3.864490000000000000e+05
3.863970000000000000e+05
3.913150000000000000e+05
3.943050000000000000e+05
3.980770000000000000e+05
3.999190000000000000e+05
4.031130000000000000e+05
4.082290000000000000e+05
4.103130000000000000e+05
4.126870000000000000e+05
4.165890000000000000e+05
4.199410000000000000e+05
4.229950000000000000e+05
4.264410000000000000e+05
4.296730000000000000e+05
4.319670000000000000e+05
4.375090000000000000e+05
4.387050000000000000e+05
4.445530000000000000e+05
4.443910000000000000e+05
4.497330000000000000e+05
4.541290000000000000e+05
4.569030000000000000e+05
4.575370000000000000e+05
4.652170000000000000e+05
4.655250000000000000e+05
4.712350000000000000e+05
4.721250000000000000e+05
4.769410000000000000e+05
4.815630000000000000e+05
4.820410000000000000e+05
4.876690000000000000e+05
4.911990000000000000e+05
4.940890000000000000e+05
4.983090000000000000e+05
5.007370000000000000e+05
5.063670000000000000e+05
5.070610000000000000e+05
5.140570000000000000e+05
5.135430000000000000e+05
5.205010000000000000e+05
5.215290000000000000e+05
5.276890000000000000e+05
5.300710000000000000e+05
5.339130000000000000e+05
5.375170000000000000e+05
5.425110000000000000e+05
5.438890000000000000e+05
5.492610000000000000e+05
5.513410000000000000e+05
5.569630000000000000e+05
5.600370000000000000e+05
5.631370000000000000e+05
5.669070000000000000e+05
5.701810000000000000e+05
5.770050000000000000e+05
5.780110000000000000e+05
5.814730000000000000e+05
5.877810000000000000e+05
5.891770000000000000e+05
5.961390000000000000e+05
5.949130000000000000e+05
6.033930000000000000e+05
6.053710000000000000e+05
6.107410000000000000e+05
6.131130000000000000e+05
6.172810000000000000e+05
6.227790000000000000e+05
6.253570000000000000e+05
6.286690000000000000e+05
6.334350000000000000e+05
6.370090000000000000e+05
6.414090000000000000e+05
6.441310000000000000e+05
6.499650000000000000e+05
6.549250000000000000e+05
6.576010000000000000e+05
6.596430000000000000e+05
6.668650000000000000e+05
6.701370000000000000e+05
6.742630000000000000e+05
6.776970000000000000e+05
6.831370000000000000e+05
6.865810000000000000e+05
6.886950000000000000e+05
6.934330000000000000e+05
7.011570000000000000e+05
7.007830000000000000e+05
7.084530000000000000e+05
7.110370000000000000e+05
7.153330000000000000e+05
7.203510000000000000e+05
7.245250000000000000e+05
7.293210000000000000e+05
7.327030000000000000e+05
7.352410000000000000e+05
7.440810000000000000e+05
7.435750000000000000e+05
7.523850000000000000e+05
7.523290000000000000e+05
7.580970000000000000e+05
7.639510000000000000e+05
7.680850000000000000e+05
7.710450000000000000e+05
7.761550000000000000e+05
7.806930000000000000e+05
7.865170000000000000e+05
7.874610000000000000e+05
7.964230000000000000e+05
7.970410000000000000e+05
8.037690000000000000e+05
8.067310000000000000e+05
8.110050000000000000e+05
8.182210000000000000e+05
8.191390000000000000e+05
8.274210000000000000e+05
8.300170000000000000e+05
8.339010000000000000e+05
8.418790000000000000e+05
8.406570000000000000e+05
8.509570000000000000e+05
8.519350000000000000e+05
8.603850000000000000e+05
8.607130000000000000e+05
8.661090000000000000e+05
8.726590000000000000e+05
8.772330000000000000e+05
8.815930000000000000e+05
8.857990000000000000e+05
8.882130000000000000e+05
8.980330000000000000e+05
8.985150000000000000e+05
9.058810000000000000e+05
9.086130000000000000e+05
9.134650000000000000e+05
9.200110000000000000e+05
9.251730000000000000e+05
9.287890000000000000e+05
9.355710000000000000e+05
9.355210000000000000e+05
9.450490000000000000e+05
9.470250000000000000e+05
9.557350000000000000e+05
9.555210000000000000e+05
9.646210000000000000e+05
9.677190000000000000e+05
9.724810000000000000e+05
9.765370000000000000e+05
9.838530000000000000e+05
9.882910000000000000e+05
9.911130000000000000e+05
9.990610000000000000e+05
1.003023000000000000e+06
1.007017000000000000e+06
1.015189000000000000e+06
1.015659000000000000e+06
1.024297000000000000e+06
1.027545000000000000e+06
1.034173000000000000e+06
1.035639000000000000e+06
1.043377000000000000e+06
1.051105000000000000e+06
1.052487000000000000e+06
1.058257000000000000e+06
1.065633000000000000e+06
1.067869000000000000e+06
1.074235000000000000e+06
1.077393000000000000e+06
1.087621000000000000e+06
1.087923000000000000e+06
1.093945000000000000e+06
1.102629000000000000e+06
1.104619000000000000e+06
1.111669000000000000e+06
1.116021000000000000e+06
1.122973000000000000e+06
1.127175000000000000e+06
1.130377000000000000e+06
1.140669000000000000e+06
1.142023000000000000e+06
1.149277000000000000e+06
1.152213000000000000e+06
1.158781000000000000e+06
1.162875000000000000e+06
1.169989000000000000e+06
1.175577000000000000e+06
1.181755000000000000e+06
1.188433000000000000e+06
1.188297000000000000e+06
1.196761000000000000e+06
1.204935000000000000e+06
1.206061000000000000e+06
1.215613000000000000e+06
1.218267000000000000e+06
1.225501000000000000e+06
1.229565000000000000e+06
1.235035000000000000e+06
1.240689000000000000e+06
1.249249000000000000e+06
1.251241000000000000e+06
1.260723000000000000e+06
1.257637000000000000e+06
1.274037000000000000e+06
1.275475000000000000e+06
1.281105000000000000e+06
1.285969000000000000e+06
1.292461000000000000e+06
1.298067000000000000e+06
1.302997000000000000e+06
1.309605000000000000e+06
1.315999000000000000e+06
1.319869000000000000e+06
1.327641000000000000e+06
1.330255000000000000e+06
1.338453000000000000e+06
1.342849000000000000e+06
1.352361000000000000e+06
1.354147000000000000e+06
1.362613000000000000e+06
1.368069000000000000e+06
1.372087000000000000e+06
1.379481000000000000e+06
1.386229000000000000e+06
1.388517000000000000e+06
1.399267000000000000e+06
1.401733000000000000e+06
1.408377000000000000e+06
1.414855000000000000e+06
1.421757000000000000e+06
1.425493000000000000e+06
1.430859000000000000e+06
1.438525000000000000e+06
1.445293000000000000e+06
1.449561000000000000e+06
1.458919000000000000e+06
1.461273000000000000e+06
1.471645000000000000e+06
1.473643000000000000e+06
1.480653000000000000e+06
1.485901000000000000e+06
1.495089000000000000e+06
1.498099000000000000e+06
1.508373000000000000e+06
1.508617000000000000e+06
1.519927000000000000e+06
1.522125000000000000e+06
1.533337000000000000e+06
1.533597000000000000e+06
1.544503000000000000e+06
1.546305000000000000e+06
1.557601000000000000e+06
1.559959000000000000e+06
1.567305000000000000e+06
1.575241000000000000e+06
1.577367000000000000e+06
1.587385000000000000e+06
1.593597000000000000e+06
1.597477000000000000e+06
1.609027000000000000e+06
1.608405000000000000e+06
1.621081000000000000e+06
1.624239000000000000e+06
1.631845000000000000e+06
1.633729000000000000e+06
1.647165000000000000e+06
1.644751000000000000e+06
1.643340000000000000e+06
1.636708000000000000e+06
1.637478000000000000e+06
1.631182000000000000e+06
1.629010000000000000e+06
1.625526000000000000e+06
1.623166000000000000e+06
1.617270000000000000e+06
1.617742000000000000e+06
1.611330000000000000e+06
1.608274000000000000e+06
1.604740000000000000e+06
1.603290000000000000e+06
1.595068000000000000e+06
1.595556000000000000e+06
1.589470000000000000e+06
1.586370000000000000e+06
1.585024000000000000e+06
1.579984000000000000e+06
1.575540000000000000e+06
1.572502000000000000e+06
1.566954000000000000e+06
1.563766000000000000e+06
1.562734000000000000e+06
1.554546000000000000e+06
1.555762000000000000e+06
1.548906000000000000e+06
1.543888000000000000e+06
1.541424000000000000e+06
1.535002000000000000e+06
1.537504000000000000e+06
1.525410000000000000e+06
1.527532000000000000e+06
1.521270000000000000e+06
1.516912000000000000e+06
1.512240000000000000e+06
1.511140000000000000e+06
1.501846000000000000e+06
1.502364000000000000e+06
1.495330000000000000e+06
1.493730000000000000e+06
1.486852000000000000e+06
1.481290000000000000e+06
1.482678000000000000e+06
1.471900000000000000e+06
1.470168000000000000e+06
1.466200000000000000e+06
1.461120000000000000e+06
1.456756000000000000e+06
1.452556000000000000e+06
1.450452000000000000e+06
1.440316000000000000e+06
1.444164000000000000e+06
1.431532000000000000e+06
1.430340000000000000e+06
1.424632000000000000e+06
1.421998000000000000e+06
1.414698000000000000e+06
1.409980000000000000e+06
1.406532000000000000e+06
1.402948000000000000e+06
1.394214000000000000e+06
1.394872000000000000e+06
1.385464000000000000e+06
1.382634000000000000e+06
1.378150000000000000e+06
1.374948000000000000e+06
1.368208000000000000e+06
1.360624000000000000e+06
1.358970000000000000e+06
1.354042000000000000e+06
1.345926000000000000e+06
1.343698000000000000e+06
1.336938000000000000e+06
1.332418000000000000e+06
1.327732000000000000e+06
1.321878000000000000e+06
1.317706000000000000e+06
1.312086000000000000e+06
1.306132000000000000e+06
1.301652000000000000e+06
1.295260000000000000e+06
1.291120000000000000e+06
1.285230000000000000e+06
1.282204000000000000e+06
1.273920000000000000e+06
1.268410000000000000e+06
1.262274000000000000e+06
1.262920000000000000e+06
1.250194000000000000e+06
1.249224000000000000e+06
1.241506000000000000e+06
1.236786000000000000e+06
1.229380000000000000e+06
1.225756000000000000e+06
1.220370000000000000e+06
1.214428000000000000e+06
1.206828000000000000e+06
1.204744000000000000e+06
1.195512000000000000e+06
1.191598000000000000e+06
1.184566000000000000e+06
1.178694000000000000e+06
1.174768000000000000e+06
1.166658000000000000e+06
1.164202000000000000e+06
1.154202000000000000e+06
1.151548000000000000e+06
1.145062000000000000e+06
1.135518000000000000e+06
1.133722000000000000e+06
1.125570000000000000e+06
1.121032000000000000e+06
1.111578000000000000e+06
1.110370000000000000e+06
1.102594000000000000e+06
1.095120000000000000e+06
1.088182000000000000e+06
1.084686000000000000e+06
1.075606000000000000e+06
1.071370000000000000e+06
1.062492000000000000e+06
1.060702000000000000e+06
1.050174000000000000e+06
1.045918000000000000e+06
1.039026000000000000e+06
1.032862000000000000e+06
1.025860000000000000e+06
1.018710000000000000e+06
1.014568000000000000e+06
1.007796000000000000e+06
9.993400000000000000e+05
9.937800000000000000e+05
9.853000000000000000e+05
9.834640000000000000e+05
9.712140000000000000e+05
9.683560000000000000e+05
9.620400000000000000e+05
9.524620000000000000e+05
9.471100000000000000e+05
9.408420000000000000e+05
9.330760000000000000e+05
9.280620000000000000e+05
9.171520000000000000e+05
9.141240000000000000e+05
9.056920000000000000e+05
8.998600000000000000e+05
8.922480000000000000e+05
8.849020000000000000e+05
8.790780000000000000e+05
8.708860000000000000e+05
8.642460000000000000e+05
8.580640000000000000e+05
8.508160000000000000e+05
8.416440000000000000e+05
8.349700000000000000e+05
8.307180000000000000e+05
8.187820000000000000e+05
8.154840000000000000e+05
8.074600000000000000e+05
7.999360000000000000e+05
7.911960000000000000e+05
7.851280000000000000e+05
7.801680000000000000e+05
7.694320000000000000e+05
7.628980000000000000e+05
7.556700000000000000e+05
7.480840000000000000e+05
7.408020000000000000e+05
7.328140000000000000e+05
7.269300000000000000e+05
7.179880000000000000e+05
7.106380000000000000e+05
7.032900000000000000e+05
6.936700000000000000e+05
6.897900000000000000e+05
6.799720000000000000e+05
6.721320000000000000e+05
6.659740000000000000e+05
6.549880000000000000e+05
6.507840000000000000e+05
6.413980000000000000e+05
6.342960000000000000e+05
6.247360000000000000e+05
6.167760000000000000e+05
6.119020000000000000e+05
6.003820000000000000e+05
5.949300000000000000e+05
5.857120000000000000e+05
5.787780000000000000e+05
5.710660000000000000e+05
5.599180000000000000e+05
5.570520000000000000e+05
5.439400000000000000e+05
5.393460000000000000e+05
5.287960000000000000e+05
5.220780000000000000e+05
5.141980000000000000e+05
5.037100000000000000e+05
4.976520000000000000e+05
4.889080000000000000e+05
4.802880000000000000e+05
4.715380000000000000e+05
4.623600000000000000e+05
4.569760000000000000e+05
4.463980000000000000e+05
4.383120000000000000e+05
4.301560000000000000e+05
4.220880000000000000e+05
4.131460000000000000e+05
4.040560000000000000e+05
3.966450000000000000e+05
3.892900000000000000e+05
3.802770000000000000e+05
3.740800000000000000e+05
3.678570000000000000e+05
3.605980000000000000e+05
3.541540000000000000e+05
3.478350000000000000e+05
3.415870000000000000e+05
3.362760000000000000e+05
3.289840000000000000e+05
3.245970000000000000e+05
3.181960000000000000e+05
3.126610000000000000e+05
3.065010000000000000e+05
3.021610000000000000e+05
2.970210000000000000e+05
2.910610000000000000e+05
2.861100000000000000e+05
2.816890000000000000e+05
2.767660000000000000e+05
2.707740000000000000e+05
2.667940000000000000e+05
2.626620000000000000e+05
2.565220000000000000e+05
2.521060000000000000e+05
2.489100000000000000e+05
2.437780000000000000e+05
2.392110000000000000e+05
2.348620000000000000e+05
2.316150000000000000e+05
2.263180000000000000e+05
2.227630000000000000e+05
2.185860000000000000e+05
2.143990000000000000e+05
2.109150000000000000e+05
2.065420000000000000e+05
2.026110000000000000e+05
1.999990000000000000e+05
1.951330000000000000e+05
1.908990000000000000e+05
1.884550000000000000e+05
1.845510000000000000e+05
1.807750000000000000e+05
1.767510000000000000e+05
1.750390000000000000e+05
1.703350000000000000e+05
1.666830000000000000e+05
1.639390000000000000e+05
1.611630000000000000e+05
1.569790000000000000e+05
1.542790000000000000e+05
1.513560000000000000e+05
1.483510000000000000e+05
1.445190000000000000e+05
1.418110000000000000e+05
1.394040000000000000e+05
1.361050000000000000e+05
1.331320000000000000e+05
1.302510000000000000e+05
1.277710000000000000e+05
1.254000000000000000e+05
1.216630000000000000e+05
1.192080000000000000e+05
1.174270000000000000e+05
1.139920000000000000e+05
1.108470000000000000e+05
1.096600000000000000e+05
1.070790000000000000e+05
1.037440000000000000e+05
1.011150000000000000e+05
1.001380000000000000e+05
9.700300000000000000e+04
9.429600000000000000e+04
9.179200000000000000e+04
9.093900000000000000e+04
8.782000000000000000e+04
8.539600000000000000e+04
8.367900000000000000e+04
8.142400000000000000e+04
7.946400000000000000e+04
7.632700000000000000e+04
7.603200000000000000e+04
7.331800000000000000e+04
7.085200000000000000e+04
6.908700000000000000e+04
6.776800000000000000e+04
6.583200000000000000e+04
6.328000000000000000e+04
6.172800000000000000e+04
6.055900000000000000e+04
5.830000000000000000e+04
5.640000000000000000e+04
5.504800000000000000e+04
5.377200000000000000e+04
5.126200000000000000e+04
4.921600000000000000e+04
4.914300000000000000e+04
4.714000000000000000e+04
4.522800000000000000e+04
4.344400000000000000e+04
4.296000000000000000e+04
4.097200000000000000e+04
3.934000000000000000e+04
3.819600000000000000e+04
3.715000000000000000e+04
3.541200000000000000e+04
3.359200000000000000e+04
3.342000000000000000e+04
3.200800000000000000e+04
3.006400000000000000e+04
2.863200000000000000e+04
2.878000000000000000e+04
2.730000000000000000e+04
2.534200000000000000e+04
2.437200000000000000e+04
2.419600000000000000e+04
2.267200000000000000e+04
2.136000000000000000e+04
2.046400000000000000e+04
1.990800000000000000e+04
1.872400000000000000e+04
1.733200000000000000e+04
1.728600000000000000e+04
1.613200000000000000e+04
1.490400000000000000e+04
1.390000000000000000e+04
1.434000000000000000e+04
1.269700000000000000e+04
1.157200000000000000e+04
1.116000000000000000e+04
1.133200000000000000e+04
9.726000000000000000e+03
8.536000000000000000e+03
8.904000000000000000e+03
8.596000000000000000e+03
7.261000000000000000e+03
5.988000000000000000e+03
6.928000000000000000e+03
6.276000000000000000e+03
5.122000000000000000e+03
4.020000000000000000e+03
5.029000000000000000e+03
4.324000000000000000e+03
3.336000000000000000e+03
2.620000000000000000e+03
3.252000000000000000e+03
2.773000000000000000e+03
1.894000000000000000e+03
1.608000000000000000e+03
1.852000000000000000e+03
1.524000000000000000e+03
6.970000000000000000e+02
1.044000000000000000e+03
8.440000000000000000e+02
6.280000000000000000e+02
2.430000000000000000e+02
3.640000000000000000e+02
2.280000000000000000e+02
1.240000000000000000e+02
3.300000000000000000e+01
2.800000000000000000e+01
4.000000000000000000e+00
